[Variables]
ercf_calib_0 = 1.0
ercf_calib_1 = 0.992884790542
ercf_calib_2 = 0.99390522712
ercf_calib_3 = 0.99390522712
ercf_calib_4 = 0.99390522712
ercf_calib_5 = 0.99390522712
ercf_calib_ref = 838.1504745

